for rat=1.06967:
	b_min=0.00905
	b_max=0.009135

for rat=27.20614:
	b_min=0.4185
	b_max=0.4205
